100 2.584e-06
200 2.357e-06
300 2.532e-06
400 2.715e-06
500 2.716e-06
600 2.876e-06
700 2.979e-06
800 2.959e-06
900 3.124e-06
1000 3.04300000001e-06
2000 3.556e-06
3000 3.589e-06
4000 3.549e-06
5000 3.767e-06
6000 3.87699999998e-06
7000 3.79700000003e-06
8000 3.82600000003e-06
9000 3.91300000002e-06
10000 3.91999999997e-06
20000 4.15200000014e-06
30000 4.39399999993e-06
40000 5.1319999999e-06
50000 4.80500000019e-06
60000 4.83899999988e-06
70000 4.93500000024e-06
80000 5.15300000012e-06
90000 5.24099999981e-06
100000 5.45699999992e-06
200000 5.89400000001e-06
300000 6.15899999883e-06
400000 6.49000000044e-06
500000 6.17999999872e-06
