100 2.791e-06
200 5.527e-06
300 6.379e-06
400 7.546e-06
500 9.462e-06
600 1.1783e-05
700 1.242e-05
800 1.576e-05
900 1.7307e-05
1000 2.1501e-05
2000 3.6026e-05
3000 5.3394e-05
4000 7.1966e-05
5000 8.7455e-05
6000 0.00010471
7000 0.000128524
8000 0.00014833
9000 0.000157975
10000 0.000178237
20000 0.000342931
30000 0.00050181
40000 0.000680188
50000 0.000862388
60000 0.001068852
70000 0.001282358
80000 0.001396135
90000 0.001718207
100000 0.001837533
200000 0.003610561
300000 0.005398397
400000 0.007247754
500000 0.008630274
