100 0.00046931
200 0.00102733
300 0.00113044
400 0.00154444
500 0.00199193
600 0.00249984
700 0.00295603
800 0.00343807
900 0.00394812
1000 0.00451948
2000 0.00996592
3000 0.01588067
4000 0.02169267
5000 0.02792495
6000 0.03394399
7000 0.04094435
8000 0.04677621
9000 0.05345695
10000 0.05968183
20000 0.1292586
30000 0.20321931
40000 0.28241819
50000 0.36168892
60000 0.44466137
70000 0.52799106
80000 0.62224924
90000 0.6942253
100000 0.79959742
200000 1.70718768
300000 2.69363393
400000 3.70042413
500000 4.77429518
