100 0.000270862
200 0.000521148
300 0.000815656
400 0.001104984
500 0.001442782
600 0.0017629
700 0.002063374
800 0.002388308
900 0.00274845
1000 0.00305201
2000 0.006466088
3000 0.009981064
4000 0.013702548
5000 0.017404214
6000 0.021162128
7000 0.024980632
8000 0.029120958
9000 0.03295481
10000 0.037068224
20000 0.07811119
30000 0.120526752
40000 0.165291088
50000 0.209913364
60000 0.25428554
70000 0.300002232
80000 0.346999728
90000 0.394080996
100000 0.444487062
200000 0.92412591
300000 1.426885772
400000 1.94106924
500000 2.460251472
